127.62,74.36,1
126.72,74.20,1
125.70,73.93,1
124.96,73.32,1
124.76,72.32,1
124.50,71.26,1
123.97,70.35,1
124.20,69.13,1
124.62,67.96,1
124.73,66.86,1
125.14,65.72,1
125.53,64.51,1
125.98,63.30,1
126.57,62.17,1
127.01,61.03,1
127.21,59.92,1
127.54,58.93,1
127.43,57.79,1
127.29,56.77,1
127.45,55.74,1
126.91,54.80,1
126.38,53.95,1
125.55,53.31,1
124.50,53.04,1
123.53,52.75,1
122.59,52.21,1
121.60,51.96,1
120.64,51.45,1
119.67,50.96,1
118.78,50.29,1
117.88,49.62,1
116.98,48.97,1
116.25,48.21,1
115.87,47.42,1
115.76,46.53,1
115.35,46.28,1
114.30,45.91,1
113.43,45.41,1
112.75,44.64,1
112.57,43.64,1
112.23,42.70,1
112.45,41.55,1
112.67,40.47,1
112.93,39.45,1
113.39,38.31,1
113.78,37.07,1
114.26,35.95,1
115.02,34.75,1
115.36,33.55,1
116.23,32.58,1
117.06,31.75,1
117.90,30.96,1
118.70,30.32,1
119.35,29.22,1
119.77,28.07,1
120.17,26.92,1
120.23,25.93,1
120.48,25.48,1
121.67,25.96,1
122.41,26.85,1
123.17,27.79,1
123.25,28.81,1
123.07,29.88,1
122.52,30.99,1
121.93,32.10,1
121.15,32.84,1
120.41,33.82,1
119.45,34.63,1
118.60,35.61,1
117.68,36.36,1
117.08,37.34,1
116.24,38.47,1
115.49,39.68,1
115.04,40.81,1
115.11,41.76,1
115.41,42.73,1
115.84,43.51,1
116.11,44.14,0
115.80,45.50,0
115.06,45.67,1
115.41,44.60,1
116.00,43.35,1
116.34,42.31,1
117.33,41.27,1
118.36,40.36,1
119.23,39.25,1
120.10,38.54,1
121.05,37.90,1
122.01,37.46,1
122.87,36.87,1
123.87,36.54,1
124.87,36.20,1
125.90,36.18,1
126.99,36.37,1
127.89,36.19,1
128.69,35.43,1
129.35,34.54,1
129.93,33.50,1
130.12,32.69,1
131.32,32.97,1
132.48,33.02,1
133.56,32.95,1
134.64,32.76,1
135.74,32.86,1
136.91,33.00,1
137.90,33.00,1
139.05,32.81,1
140.21,32.64,1
141.16,32.43,1
141.90,31.65,1
143.07,32.04,1
144.36,32.71,1
145.54,33.33,1
146.35,33.91,1
145.41,34.27,1
144.36,34.65,1
143.29,34.82,1
142.29,35.24,1
141.20,35.52,1
139.94,35.13,1
138.82,35.15,1
137.71,35.12,1
136.52,35.07,1
135.43,35.06,1
134.36,35.45,1
133.33,35.75,1
132.52,36.44,1
131.90,37.46,1
131.13,38.45,1
130.77,39.47,1
130.38,40.50,1
129.72,41.55,1
128.77,42.38,1
127.80,43.23,1
126.74,43.88,1
125.82,44.41,1
126.42,44.29,1
127.53,44.18,1
128.75,44.06,1
129.90,44.05,1
131.05,44.06,1
132.05,44.11,1
133.05,44.39,1
134.08,45.01,1
135.16,45.52,1
136.17,46.20,1
137.06,47.14,1
137.95,47.84,1
138.81,48.81,1
139.66,49.79,1
139.78,50.80,1
140.83,51.53,1
139.96,51.64,0
138.67,51.58,0
137.38,51.54,0
136.10,51.62,1
136.97,51.79,1
138.20,51.62,1
139.45,51.57,1
140.63,51.67,1
141.64,51.91,1
142.53,52.16,1
143.68,52.58,1
144.68,53.27,1
145.62,53.87,1
146.58,54.61,1
147.57,55.15,1
148.72,55.35,1
149.79,55.14,1
150.60,54.42,1
151.05,53.46,1
151.55,52.44,1
152.00,51.50,1
152.64,50.77,1
152.32,49.75,1
151.93,48.90,1
152.94,48.28,1
153.92,47.94,1
153.84,48.80,1
153.67,49.80,1
153.54,50.83,1
153.87,51.94,1
153.75,52.82,1
153.04,53.68,1
152.71,54.60,1
152.02,55.38,1
151.37,56.20,1
150.71,57.03,1
149.54,57.28,1
148.47,57.49,1
147.36,57.09,1
146.34,56.75,1
145.28,56.55,1
144.39,56.30,1
143.30,56.35,1
142.10,56.56,1
141.00,57.37,1
140.42,58.33,1
139.77,59.37,1
138.95,60.41,1
137.79,61.29,1
136.69,61.93,1
135.49,62.87,1
134.27,63.84,1
133.29,64.84,1
132.04,65.87,1
131.23,66.90,1
130.53,68.03,1
129.72,68.83,1
130.97,67.61,0
131.71,66.91,1
132.82,66.42,1
134.00,65.68,1
135.17,64.97,1
136.31,64.29,1
137.27,63.35,1
138.37,63.04,1
139.19,63.60,1
139.52,64.59,1
139.33,65.55,1
138.83,66.51,1
138.10,67.60,1
136.95,68.67,1
136.24,69.72,1
135.34,70.81,1
134.49,71.83,1
133.27,72.98,1
132.05,74.08,1
130.81,75.01,1
130.69,76.18,1
130.51,77.36,1
129.82,76.93,1
129.33,76.08,0
129.75,74.59,0
129.39,75.77,1
129.00,77.07,1
128.11,78.43,1
128.07,77.79,1
127.95,76.63,1
127.16,76.08,1
125.92,76.53,1
124.74,76.53,1
123.66,76.54,1
122.93,76.01,1
122.49,75.05,1
122.33,74.04,1
121.84,73.12,1
121.89,71.98,1
121.35,71.09,1
122.12,69.65,1
122.72,68.40,1
123.12,67.17,1
123.63,66.05,1
123.68,65.06,1
124.04,63.86,1
124.50,62.80,1
125.13,61.56,1
125.49,60.46,1
125.93,59.36,1
126.13,58.31,1
126.14,57.29,1
126.41,56.23,1
126.45,55.29,1
125.86,54.38,0
126.04,53.03,0
126.20,51.70,0
126.32,50.38,0
126.41,49.06,0
126.47,47.76,0
126.50,46.45,0
126.50,45.16,0
126.47,43.86,0
126.41,42.57,0
126.32,41.29,0
126.21,40.00,0
126.06,38.72,0
125.89,37.44,0
125.68,36.17,0
126.18,35.05,1
126.21,34.04,1
126.11,33.04,1
125.79,31.91,1
125.25,30.77,1
124.49,29.78,1
124.63,28.73,1
125.38,27.82,1
126.08,26.90,1
126.45,25.91,1
126.81,24.80,1
127.15,23.69,1
127.47,22.57,1
127.65,21.50,1
128.79,21.59,1
130.00,21.73,1
130.92,21.34,1
131.60,20.53,1
132.89,21.30,1
134.19,22.27,1
134.07,23.12,1
133.13,23.31,1
132.14,23.61,1
130.98,23.68,1
130.03,24.05,1
129.38,24.81,1
128.80,25.85,1
128.22,26.89,1
127.86,27.89,1
127.49,28.90,1
127.39,29.88,1
127.40,30.89,1
128.13,31.80,1
128.60,32.86,1
129.17,33.74,1
129.66,34.78,0
130.52,35.82,0
131.37,36.87,0
132.20,37.93,0
133.01,39.01,0
133.80,40.09,0
134.57,41.18,0
135.32,42.28,0
136.05,43.39,0
136.76,44.51,0
137.45,45.64,0
138.11,46.77,0
138.75,47.91,0
139.37,49.06,0
140.28,49.44,1
141.25,48.88,1
142.20,48.33,1
143.24,47.74,1
144.20,46.96,1
145.15,46.21,1
145.83,45.41,1
146.77,44.68,1
147.70,43.96,1
148.14,43.14,1
148.80,42.30,1
149.44,41.54,1
150.37,41.38,1
151.30,40.98,1
152.35,41.11,1
153.43,41.71,1
154.68,42.43,1
155.23,43.61,1
155.18,44.48,1
153.85,44.14,1
152.61,44.04,1
151.52,44.09,1
150.47,44.47,1
149.47,45.01,1
148.71,45.81,1
147.93,46.63,1
147.15,47.46,1
146.44,48.34,1
145.74,49.24,1
145.01,50.03,1
144.50,50.87,1
143.51,51.63,1
143.00,52.48,1